@persist Font7x5:table

Font7x5 = table()

Font7x5["A", array] = array(
    0, 1, 1, 1, 0,
    1, 0, 0, 0, 1,
    1, 0, 0, 0, 1,
    1, 0, 0, 0, 1,
    1, 1, 1, 1, 1,
    1, 0, 0, 0, 1,
    1, 0, 0, 0, 1
)

Font7x5["B", array] = array(
    1, 1, 1, 1, 0,
    1, 0, 0, 0, 1,
    1, 0, 0, 0, 1,
    1, 1, 1, 1, 0,
    1, 0, 0, 0, 1,
    1, 0, 0, 0, 1,
    1, 1, 1, 1, 0
)

Font7x5["C", array] = array(
    0, 1, 1, 1, 0,
    1, 0, 0, 0, 1,
    1, 0, 0, 0, 0,
    1, 0, 0, 0, 0,
    1, 0, 0, 0, 0,
    1, 0, 0, 0, 1,
    0, 1, 1, 1, 0
)

Font7x5["D", array] = array(
    1, 1, 1, 0, 0,
    1, 0, 0, 1, 0,
    1, 0, 0, 0, 1,
    1, 0, 0, 0, 1,
    1, 0, 0, 0, 1,
    1, 0, 0, 1, 0,
    1, 1, 1, 0, 0
)

Font7x5["E", array] = array(
    1, 1, 1, 1, 1,
    1, 0, 0, 0, 0,
    1, 0, 0, 0, 0,
    1, 1, 1, 1, 0,
    1, 0, 0, 0, 0,
    1, 0, 0, 0, 0,
    1, 1, 1, 1, 1
)

Font7x5["F", array] = array(
    1, 1, 1, 1, 1,
    1, 0, 0, 0, 0,
    1, 0, 0, 0, 0,
    1, 1, 1, 1, 0,
    1, 0, 0, 0, 0,
    1, 0, 0, 0, 0,
    1, 0, 0, 0, 0
)

Font7x5["G", array] = array(
    0, 1, 1, 1, 0,
    1, 0, 0, 0, 1,
    1, 0, 0, 0, 0,
    1, 0, 0, 1, 1,
    1, 0, 0, 0, 1,
    1, 0, 0, 0, 1,
    0, 1, 1, 1, 0
)

Font7x5["H", array] = array(
    1, 0, 0, 0, 1,
    1, 0, 0, 0, 1,
    1, 0, 0, 0, 1,
    1, 1, 1, 1, 1,
    1, 0, 0, 0, 1,
    1, 0, 0, 0, 1,
    1, 0, 0, 0, 1
)

Font7x5["I", array] = array(
    1, 1, 1, 1, 1,
    0, 0, 1, 0, 0,
    0, 0, 1, 0, 0,
    0, 0, 1, 0, 0,
    0, 0, 1, 0, 0,
    0, 0, 1, 0, 0,
    1, 1, 1, 1, 1
)

Font7x5["J", array] = array(
    0, 0, 0, 1, 1,
    0, 0, 0, 0, 1,
    0, 0, 0, 0, 1,
    0, 0, 0, 0, 1,
    1, 0, 0, 0, 1,
    1, 0, 0, 0, 1,
    0, 1, 1, 1, 0
)

Font7x5["I", array] = array(
    1, 1, 1, 1, 1,
    0, 0, 1, 0, 0,
    0, 0, 1, 0, 0,
    0, 0, 1, 0, 0,
    0, 0, 1, 0, 0,
    0, 0, 1, 0, 0,
    1, 1, 1, 1, 1
)

Font7x5["K", array] = array(
    1, 0, 0, 0, 1,
    1, 0, 0, 1, 0,
    1, 0, 1, 0, 0,
    1, 1, 0, 0, 0,
    1, 0, 1, 0, 0,
    1, 0, 0, 1, 0,
    1, 0, 0, 0, 1
)

Font7x5["L", array] = array(
    1, 0, 0, 0, 0,
    1, 0, 0, 0, 0,
    1, 0, 0, 0, 0,
    1, 0, 0, 0, 0,
    1, 0, 0, 0, 0,
    1, 0, 0, 0, 0,
    1, 1, 1, 1, 1
)

Font7x5["M", array] = array(
    1, 0, 0, 0, 1,
    1, 1, 0, 1, 1,
    1, 0, 1, 0, 1,
    1, 0, 1, 0, 1,
    1, 0, 0, 0, 1,
    1, 0, 0, 0, 1,
    1, 0, 0, 0, 1
)

Font7x5["N", array] = array(
    1, 0, 0, 0, 1,
    1, 1, 0, 0, 1,
    1, 0, 1, 0, 1,
    1, 0, 0, 1, 1,
    1, 0, 0, 0, 1,
    1, 0, 0, 0, 1,
    1, 0, 0, 0, 1
)

Font7x5["O", array] = array(
    0, 1, 1, 1, 0,
    1, 0, 0, 0, 1,
    1, 0, 0, 0, 1,
    1, 0, 0, 0, 1,
    1, 0, 0, 0, 1,
    1, 0, 0, 0, 1,
    0, 1, 1, 1, 0
)

Font7x5["P", array] = array(
    1, 1, 1, 1, 0,
    1, 0, 0, 0, 1,
    1, 0, 0, 0, 1,
    1, 1, 1, 1, 0,
    1, 0, 0, 0, 0,
    1, 0, 0, 0, 0,
    1, 0, 0, 0, 0
)

Font7x5["Q", array] = array(
    0, 1, 1, 1, 0,
    1, 0, 0, 0, 1,
    1, 0, 0, 0, 1,
    1, 0, 0, 0, 1,
    1, 0, 0, 1, 1,
    1, 0, 0, 0, 1,
    0, 1, 1, 0, 1
)

Font7x5["R", array] = array(
    1, 1, 1, 1, 0,
    1, 0, 0, 0, 1,
    1, 0, 0, 0, 1,
    1, 1, 1, 1, 0,
    1, 0, 0, 0, 1,
    1, 0, 0, 0, 1,
    1, 0, 0, 0, 1
)

Font7x5["S", array] = array(
    0, 1, 1, 1, 1,
    1, 0, 0, 0, 0,
    1, 0, 0, 0, 0,
    0, 1, 1, 1, 0,
    0, 0, 0, 0, 1,
    0, 0, 0, 0, 1,
    1, 1, 1, 1, 0
)

Font7x5["T", array] = array(
    1, 1, 1, 1, 1,
    0, 0, 1, 0, 0,
    0, 0, 1, 0, 0,
    0, 0, 1, 0, 0,
    0, 0, 1, 0, 0,
    0, 0, 1, 0, 0,
    0, 0, 1, 0, 0
)

Font7x5["U", array] = array(
    1, 0, 0, 0, 1,
    1, 0, 0, 0, 1,
    1, 0, 0, 0, 1,
    1, 0, 0, 0, 1,
    1, 0, 0, 0, 1,
    1, 0, 0, 0, 1,
    0, 1, 1, 1, 0
)

Font7x5["V", array] = array(
    1, 0, 0, 0, 1,
    1, 0, 0, 0, 1,
    1, 0, 0, 0, 1,
    1, 0, 0, 0, 1,
    1, 0, 0, 0, 1,
    0, 1, 0, 1, 0,
    0, 0, 1, 0, 0
)

Font7x5["W", array] = array(
    1, 0, 0, 0, 1,
    1, 0, 0, 0, 1,
    1, 0, 0, 0, 1,
    1, 0, 1, 0, 1,
    1, 1, 0, 1, 1,
    1, 0, 0, 0, 1,
    1, 0, 0, 0, 1
)

Font7x5["X", array] = array(
    1, 0, 0, 0, 1,
    1, 0, 0, 0, 1,
    0, 1, 0, 1, 0,
    0, 0, 1, 0, 0,
    0, 1, 0, 1, 0,
    1, 0, 0, 0, 1,
    1, 0, 0, 0, 1
)

Font7x5["Y", array] = array(
    1, 0, 0, 0, 1,
    1, 0, 0, 0, 1,
    0, 1, 0, 1, 0,
    0, 0, 1, 0, 0,
    0, 0, 1, 0, 0,
    0, 0, 1, 0, 0,
    0, 0, 1, 0, 0
)

Font7x5["Z", array] = array(
    1, 1, 1, 1, 1,
    0, 0, 0, 0, 1,
    0, 0, 0, 1, 0,
    0, 0, 1, 0, 0,
    0, 1, 0, 0, 0,
    1, 0, 0, 0, 0,
    1, 1, 1, 1, 1
)

Font7x5["!", array] = array(
    0, 1, 0, 0, 0,
    0, 1, 0, 0, 0,
    0, 1, 0, 0, 0,
    0, 1, 0, 0, 0,
    0, 1, 0, 0, 0,
    0, 0, 0, 0, 0,
    0, 1, 0, 0, 0
)

Font7x5["-", array] = array(
    0, 0, 0, 0, 0,
    0, 0, 0, 0, 0,
    0, 0, 0, 0, 0,
    1, 1, 1, 1, 1,
    0, 0, 0, 0, 0,
    0, 0, 0, 0, 0,
    0, 0, 0, 0, 0
)

Font7x5["+", array] = array(
    0, 0, 0, 0, 0,
    0, 0, 1, 0, 0,
    0, 0, 1, 0, 0,
    1, 1, 1, 1, 1,
    0, 0, 1, 0, 0,
    0, 0, 1, 0, 0,
    0, 0, 0, 0, 0
)

Font7x5["=", array] = array(
    0, 0, 0, 0, 0,
    0, 0, 0, 0, 0,
    1, 1, 1, 1, 1,
    0, 0, 0, 0, 0,
    1, 1, 1, 1, 1,
    0, 0, 0, 0, 0,
    0, 0, 0, 0, 0
)

Font7x5["?", array] = array(
    0, 1, 1, 1, 0,
    1, 0, 0, 0, 1,
    0, 0, 0, 0, 1,
    0, 0, 1, 1, 0,
    0, 0, 1, 0, 0,
    0, 0, 0, 0, 0,
    0, 0, 1, 0, 0
)

Font7x5["0", array] = array(
    0, 1, 1, 1, 0,
    1, 0, 0, 0, 1,
    1, 0, 0, 1, 1,
    1, 0, 1, 0, 1,
    1, 1, 0, 0, 1,
    1, 0, 0, 0, 1,
    0, 1, 1, 1, 0
)

Font7x5["1", array] = array(
    0, 0, 1, 0, 0,
    0, 1, 1, 0, 0,
    0, 0, 1, 0, 0,
    0, 0, 1, 0, 0,
    0, 0, 1, 0, 0,
    0, 0, 1, 0, 0,
    0, 1, 1, 1, 0
)

Font7x5["2", array] = array(
    0, 1, 1, 1, 0,
    0, 0, 0, 0, 1,
    0, 0, 0, 0, 1,
    0, 1, 1, 1, 0,
    1, 0, 0, 0, 0,
    1, 0, 0, 0, 0,
    0, 1, 1, 1, 1
)

Font7x5["3", array] = array(
    1, 1, 1, 1, 1,
    0, 0, 0, 0, 1,
    0, 0, 0, 1, 0,
    0, 0, 1, 1, 0,
    0, 0, 0, 1, 0,
    0, 0, 0, 0, 1,
    1, 1, 1, 1, 1
)

Font7x5["4", array] = array(
    1, 0, 0, 1, 0,
    1, 0, 0, 1, 0,
    1, 0, 0, 1, 0,
    1, 1, 1, 1, 1,
    0, 0, 0, 1, 0,
    0, 0, 0, 1, 0,
    0, 0, 0, 1, 0
)

Font7x5["5", array] = array(
    1, 1, 1, 1, 1,
    1, 0, 0, 0, 0,
    1, 0, 0, 0, 0,
    1, 1, 1, 1, 1,
    0, 0, 0, 0, 1,
    0, 0, 0, 0, 1,
    1, 1, 1, 1, 1
)

Font7x5["6", array] = array(
    0, 1, 1, 1, 0,
    1, 0, 0, 0, 1,
    1, 0, 0, 0, 0,
    1, 1, 1, 1, 0,
    1, 0, 0, 0, 1,
    1, 0, 0, 0, 1,
    0, 1, 1, 1, 0
)

Font7x5["7", array] = array(
    1, 1, 1, 1, 1,
    0, 0, 0, 0, 1,
    0, 0, 0, 0, 1,
    0, 0, 0, 0, 1,
    0, 0, 0, 1, 0,
    0, 0, 0, 1, 0,
    0, 0, 0, 1, 0
)

Font7x5["8", array] = array(
    0, 1, 1, 1, 0,
    1, 0, 0, 0, 1,
    1, 0, 0, 0, 1,
    0, 1, 1, 1, 0,
    1, 0, 0, 0, 1,
    1, 0, 0, 0, 1,
    0, 1, 1, 1, 0
)

Font7x5["9", array] = array(
    0, 1, 1, 1, 0,
    1, 0, 0, 0, 1,
    1, 0, 0, 0, 1,
    0, 1, 1, 1, 1,
    0, 0, 0, 0, 1,
    1, 0, 0, 0, 1,
    0, 1, 1, 1, 0
)

Font7x5[".", array] = array(
    0, 0, 0, 0, 0,
    0, 0, 0, 0, 0,
    0, 0, 0, 0, 0,
    0, 0, 0, 0, 0,
    0, 0, 0, 0, 0,
    0, 1, 1, 0, 0,
    0, 1, 1, 0, 0
)

Font7x5[",", array] = array(
    0, 0, 0, 0, 0,
    0, 0, 0, 0, 0,
    0, 0, 0, 0, 0,
    0, 0, 0, 0, 0,
    0, 1, 1, 0, 0,
    0, 0, 1, 0, 0,
    0, 1, 0, 0, 0
)
